FRAMES = 10
HIGH = 2.91144
LOW = 2.59829
AVG = 2.75412
