FRAMES = 10
HIGH = 3.59055
LOW = 3.11709
AVG = 3.46696
